# Cameras (297)															
"# PhotoID, X, Y, Z, Omega, Phi, Kappa, r11, r12, r13, r21, r22, r23, r31, r32, r33"															
video_0000_000000	-43.23109436	59.62513351	37.55098724	-71.42297263	22.0562853053177257	-169.7506127	-0.912025844	0.2935855444942632	0.2863850359445402	0.1649110665234806	-0.376831085	0.9114837757165495	0.3755172444602732	0.8785248211180013	0.2952641830506159
video_0000_000012	-43.19757843	59.45464325	37.49004364	-62.6690725	21.6386066697079649	-173.670503	-0.923862131	0.2749731031156323	0.2662114878462286	0.1024767754073590	-0.492445624	0.8642891981534930	0.3687509650163001	0.8257645548857484	0.4267735063167462
video_0001_000024	-43.30107498	59.15414047	37.48726654	-60.97792717	28.1604969763046746	-173.5682556	-0.87608008	0.3557392052461510	0.3254739791002309	0.0987596510417688	-0.528321508	0.8432810420354684	0.4719430310393499	0.7709254194675084	0.4277192689980636
video_0001_000036	-43.46810532	58.56281662	37.55503464	-59.29764323	25.2205583539219376	-172.865081	-0.897668807	0.3001234029261406	0.3226711273960310	0.1123661767247845	-0.552130951	0.8261508670779053	0.4261039260171708	0.7778671839468186	0.4619070126891340
video_0002_000048	-43.54049683	57.94560242	37.58766556	-67.29661086	25.5342655973124444	-170.7508376	-0.890596239	0.3304462464362202	0.3124797869422922	0.1450294431819475	-0.444856324	0.8837812577615667	0.4310508086544110	0.8324110337906960	0.3482629339764476
video_0002_000060	-43.6374855	57.21066666	37.6319809	-72.64292633	18.5509706336922733	-168.8929976	-0.930283369	0.2405031228788432	0.2770037929368298	0.1826324144329182	-0.351235714	0.9183021692990804	0.3181481645621561	0.9048711073001050	0.2828250776703046
video_0003_000072	-43.61627197	56.28616714	37.61148834	-67.61831096	20.6822677818691325	-170.9114855	-0.923807968	0.2623317936308922	0.2788563572496368	0.1477801318734085	-0.427580917	0.8918158960592987	0.3531853204078788	0.8650760601767745	0.3562352306516212
video_0003_000084	-43.71032715	55.35821915	37.63452148	-69.5541127	24.5428765936744036	-167.7913593	-0.889078038	0.3065322594331933	0.3399679638736645	0.1923658290478790	-0.423728683	0.8851267657062489	0.4153740848299829	0.8523449873623145	0.3177615334964107
video_0004_000096	-43.69782639	54.43516159	37.63945007	-69.34135112	26.3256090055791994	-168.3061405	-0.877685427	0.3348372486104346	0.3428590198321701	0.1816618187318497	-0.42958139	0.8845670202774392	0.4434718414424065	0.8386559763636487	0.3162101819316017
video_0004_000108	-43.64730453	53.46879196	37.64286804	-70.20641906	20.7180046898273282	-167.7456616	-0.914021383	0.2534079748308038	0.3167795911250135	0.1985259691788927	-0.401568496	0.8940526732630315	0.3537687813003874	0.8800722364097973	0.3167341283756727
video_0005_000120	-43.57800674	52.40501022	37.63785934	-67.07991307	25.2909824767357883	-167.9776302	-0.884318495	0.3037365679297709	0.3545770678778398	0.1883285896432525	-0.462865583	0.8661915459174477	0.4272155686367081	0.8327662032035870	0.3521183163601356
video_0005_000132	-43.50411606	51.40592575	37.68336105	-73.37207245	20.4883045856216057	-165.2704801	-0.905959339	0.2516011883848333	0.3404915825613134	0.2381729445401490	-0.362023857	0.9012282591546215	0.3500161771702033	0.8975720409043133	0.2680542988016109
video_0006_000144	-43.45258713	50.36974716	37.64171982	-71.03212024	22.9079627324310700	-169.3149684	-0.905160069	0.3014680175235095	0.2996702929939151	0.1707868694020955	-0.387654638	0.9058453106567920	0.3892519689512765	0.8711147547880892	0.2994027198574553
video_0006_000156	-43.37062454	49.28531647	37.652668	-70.14532938	21.5893609931411632	-166.9038752	-0.905660765	0.2601222281298521	0.3348357882754891	0.2106892922257732	-0.409218694	0.8877781720042330	0.3679519001428171	0.8745721736818157	0.3158083472657976
video_0007_000168	-43.33761597	48.29710007	37.64200592	-71.67329284	23.7567818175184335	-169.737978	-0.900622637	0.3202877554609918	0.2937594582544626	0.1630542611847541	-0.37753352	0.9115271522045580	0.4028550279215705	0.8688407190034418	0.2877909510041852
video_0007_000180	-43.23584366	47.25465393	37.67483902	-72.65682287	24.0427375119089746	-167.3099003	-0.890933616	0.3139108989916725	0.3281725766116971	0.2006188033586582	-0.376244184	0.9045398884652678	0.4074179528256704	0.8717225829242115	0.2722321621985202
video_0008_000192	-43.22243881	46.28704453	37.69621277	-76.42753517	27.3261033345668451	-164.1262769	-0.854530383	0.3650305548829620	0.3695003630229675	0.2429957343083416	-0.347779374	0.9055399383148026	0.4590543512267558	0.8635984024864010	0.2084871742882980
video_0008_000204	-43.25999069	45.2274437	37.6817894	-72.54465818	32.3498410902856506	-170.6665472	-0.833612586	0.4550416139491072	0.3130929358748941	0.1370091094831861	-0.378775526	0.9152909946256572	0.5350874328918527	0.8058946770507871	0.2534071993105467
video_0009_000216	-43.28533936	44.27622604	37.66728592	-73.12028337	38.4629341462919925	-168.1190235	-0.766236582	0.5226791230488902	0.3737486245828194	0.1612056870595336	-0.406684499	0.8992332539258487	0.6220082206115686	0.7492758189313523	0.2273576931981447
video_0009_000228	-43.16302872	43.36203384	37.64715958	-73.4314664	43.0385776795304622	-165.7226159	-0.708319319	0.5636227722976415	0.4249860153289000	0.1802506053991917	-0.437679229	0.8808783183197751	0.6824906313868637	0.7005471168880585	0.2084233074514204
video_0010_000240	-43.00899506	42.53142929	37.66550446	-75.29016003	33.4824635813561642	-167.0832997	-0.81294986	0.4633370136861777	0.3527482618091548	0.1864397741621475	-0.366776626	0.9114357450930968	0.5516817334943875	0.8067178680129847	0.2117865584904110
video_0010_000252	-42.7269516	41.68171692	37.66012192	-73.88968024	25.7607768576418188	-165.5116039	-0.871975398	0.3348453403393892	0.3571239330806746	0.2253197722483283	-0.373126671	0.9000041596629595	0.4346146635353814	0.8652485684643850	0.2499100018213760
video_0011_000264	-42.42969131	40.83069611	37.64469147	-69.56567131	17.0546692328424285	-165.4584811	-0.925399988	0.1783636977334548	0.3343968495966171	0.2400402780264673	-0.406953757	0.8813451675376217	0.2932840374351627	0.8958655204592880	0.3337805306454217
video_0011_000276	-42.12407303	39.99035263	37.625	-67.66901491	11.6977423779598944	-166.8175242	-0.953426795	0.0959511908499898	0.2859557914250315	0.2233166045903920	-0.412713965	0.8830610837148756	0.2027487109435362	0.9057927756567398	0.3720650585298141
video_0012_000288	-41.97335052	39.16089249	37.62092209	-70.33262176	20.4535009284097598	-166.9289476	-0.912679895	0.2444193555414965	0.3275279955136137	0.2119012376575159	-0.402259251	0.8906656840237533	0.3494470985538428	0.8822962506182190	0.3153411667659870
video_0012_000300	-41.77528763	38.35664368	37.61891937	-69.80637974	24.6417869412169388	-166.2531681	-0.882896093	0.2980766166191592	0.3628289133063838	0.2159915575307928	-0.428294706	0.8774458910274602	0.4169438053043105	0.8530615307411453	0.3137576899263755
video_0013_000312	-41.61046982	37.51040268	37.5947113	-70.00919969	27.2195313523825781	-167.4515743	-0.868018494	0.3452976816379659	0.3568100406678962	0.1932049081282331	-0.427092323	0.8833255410442146	0.4574010904459464	0.8356803569794726	0.3040108277965123
video_0013_000324	-41.48720932	36.70051956	37.57992172	-72.35697499	33.7692794078109841	-169.4011693	-0.817100195	0.4649204971110920	0.3408756416182434	0.1528988853006982	-0.395343932	0.9057180059179665	0.5558499820603376	0.7921818646852434	0.2519497781450372
video_0014_000336	-41.75784683	36.14915085	37.58216095	-71.1450445	55.6496977828570252	-176.2841677	-0.563064898	0.7587143957437750	0.3275826405202384	0.0365680164852894	-0.373128745	0.9270586388024419	0.8256032345196962	0.5339732252642108	0.1823510182355782
video_0014_000348	-42.20793533	35.61446381	37.56087875	-71.69729048	68.1135877997415662	-174.454513	-0.371023104	0.8465110765147368	0.3817863980831588	0.0360227697883606	-0.397702097	0.9168071781671171	0.9279246825471481	0.3539096483847798	0.1170629928710871
video_0015_000360	-42.86907959	35.14540482	37.53969193	-67.48889376	74.8505842282667544	179.8481911452589657	-0.261336184	0.8927121662471587	0.3671081413230104	-0.000692429	-0.38049855	0.9247812572311542	0.9652475950417527	0.2414246081446174	0.1000561784615564
video_0015_000372	-43.66070175	34.72779465	37.56079483	-77.24138278	71.8290436058405533	-171.2973312	-0.308262914	0.8825865595381219	0.3549858317152644	0.0471855493841977	-0.358513146	0.9323314046093614	0.9501302540837379	0.3041533971768430	0.0688709754581543
video_0016_000384	-44.51188278	34.35273743	37.56290817	-79.20713065	67.4551168280250408	-168.9964963	-0.376358303	0.8548207395263903	0.3572617125590452	0.0731805277035316	-0.356980771	0.9312407526074226	0.9235794705113898	0.3766247897143273	0.0717964443586180
video_0016_000396	-45.32012558	33.93431473	37.56006241	-75.18214229	56.0031566437391248	-167.4071487	-0.545696366	0.7264574715024336	0.4177020683861492	0.1219061038607401	-0.424338305	0.8972602211557364	0.8290683793736624	0.5405520740180707	0.1430002713196442
video_0017_000408	-46.03464127	33.48022842	37.56059647	-71.83756606	46.8519719236186276	-167.5946268	-0.667918323	0.6100889006468837	0.4262354362012956	0.1469170340488930	-0.453360519	0.8791357260711862	0.7295892672404851	0.6498121059628793	0.2131753458343157
video_0017_000420	-46.52985001	32.82670212	37.5438385	-65.19186322	35.9369055622895388	-168.6819269	-0.793918084	0.4400289456436832	0.4196052940145178	0.1589009320777100	-0.515973311	0.8417375103241053	0.5868940019749189	0.7349463038191950	0.3397195327742689
video_0018_000432	-46.82959366	32.13415909	37.55963135	-68.00201676	27.9375045114001885	-166.2634651	-0.858190359	0.3330292504629523	0.3906415567660578	0.2097840977942024	-0.467011805	0.8590055915895205	0.4685082068109345	0.8191407036678581	0.3309207877201575
video_0018_000444	-46.96256256	31.31600761	37.56406021	-68.71036557	19.2162013910449652	-167.2532568	-0.921011348	0.2190033085865059	0.3221422780045405	0.2083485588675042	-0.421799297	0.8824263318143084	0.3291336726432363	0.8798425449417557	0.3428529154649118
video_0019_000456	-47.03305435	30.43908501	37.58249664	-70.61060454	18.7413284094471990	-169.4744863	-0.931044582	0.2373288387320502	0.2771840699408585	0.1729877828096447	-0.381763893	0.9079270658993842	0.3212961458241997	0.8932700332487136	0.3143842145820256
video_0019_000468	-47.04686356	29.52524567	37.59576797	-70.63020926	18.5912643873144710	-168.2580845	-0.927983197	0.2269805312421077	0.2955114634850501	0.1928841814041712	-0.385931044	0.9021379728005001	0.3188148038878811	0.8941683666075444	0.3143565698062129
video_0020_000480	-47.07102203	28.65073395	37.60227966	-73.01113033	18.1154938493989697	-166.510175	-0.924210568	0.2210019128185658	0.3114369593101852	0.2217097457376589	-0.353491998	0.9087839106354156	0.3109334554832938	0.9089563037436901	0.2777027622221782
video_0020_000492	-47.11527252	27.7290535	37.58156967	-70.26058035	16.9526577146497495	-167.4368531	-0.933643306	0.1944121928237519	0.3008555738292359	0.2080635631043728	-0.3893529	0.8972813787380154	0.2915814307032790	0.9003378355945847	0.3230666356433109
video_0021_000504	-47.20199966	26.84021759	37.56056213	-70.78306439	19.0563288862023015	-168.6890688	-0.926839706	0.2377602803988660	0.2905825329845880	0.1853847433533240	-0.383221681	0.9048611166385259	0.3264975594746593	0.8925307796021100	0.3111079412678845
video_0021_000516	-47.25125504	25.90210915	37.54668808	-71.83217532	17.9762840849821472	-169.7251309	-0.935930551	0.2329188391936686	0.2641643768968167	0.1696633689581016	-0.359106135	0.9177456755409337	0.3086233058380336	0.9037652339457254	0.2965806079375927
video_0022_000528	-47.28998184	24.97775459	37.55223846	-72.1699237	11.8413112240911147	-167.0829433	-0.953952884	0.1219554731155593	0.2740451730750116	0.2187832817992369	-0.342114335	0.9138334952746269	0.2052017785344675	0.9317106010225737	0.2996791384605306
video_0022_000540	-47.18831635	24.06666374	37.55391312	-70.56523247	4.2202171032440239	-163.4258306	-0.955852503	-0.028400658	0.2924711871966800	0.2844828464204013	-0.338704708	0.8968548549091780	0.0735900999776472	0.9404639936221260	0.3318312430823867
video_0023_000552	-47.12492371	23.17757607	37.54515839	-70.00430524	1.8027630579112941	-164.0438386	-0.960996427	-0.065578954	0.2686731638899128	0.2747657221155261	-0.336901809	0.9005559220798803	0.0314589597037017	0.9392531988990618	0.3417802835335018
video_0023_000564	-46.9965744	22.28699684	37.54494476	-67.8771202	-3.664970891	-161.7558196	-0.947788621	-0.17413875	0.2671561832333056	0.3124270846204147	-0.339124541	0.8873465288288587	-0.063922197	0.9244837700901674	0.3758240433175986
video_0024_000576	-47.0242691	21.36676788	37.52851868	-68.947098	-1.286372537	-163.4057412	-0.95810967	-0.122671713	0.2588001371813158	0.2855203632235768	-0.338284842	0.8966836051281232	-0.02244955	0.9330139422392441	0.3591392505552192
video_0024_000588	-47.10071564	20.41669464	37.54052734	-73.52996072	13.6664756317523999	-164.196497	-0.934959049	0.1407989014062725	0.3256182533949138	0.2646284828116261	-0.334502722	0.9044775813230667	0.2362696418628182	0.9318173632177043	0.2754869469503434
video_0025_000600	-47.16110611	19.51937866	37.54243469	-77.40579532	20.6014478377441321	-165.4082514	-0.905858764	0.2773908755788292	0.3201159207757923	0.2358192311477801	-0.297524113	0.9251317163840445	0.3518653020821925	0.9135281629946770	0.2041007217189075
video_0025_000612	-47.16321564	18.54466438	37.54029465	-75.59746753	21.8902899914985163	-166.3011159	-0.901504175	0.2919362703901837	0.3194736855587703	0.2197444280873637	-0.327175748	0.9190584400469989	0.3728305353084587	0.8987375834623446	0.2307989341697088
video_0026_000624	-47.17524719	17.56551552	37.54014969	-75.42465382	21.9717352608733023	-165.1568972	-0.89642313	0.2855582205174853	0.3389425840994389	0.2375667937993728	-0.336017846	0.9114022302847216	0.3741491562265030	0.8975235426321504	0.2333750186203117
video_0026_000636	-47.12893295	16.6220932	37.53987503	-75.29071122	24.4762518226386767	-165.3883247	-0.880697357	0.3237225619351294	0.3457974371013728	0.2295961265398284	-0.346795253	0.9094056691952247	0.4143160427615959	0.8803049218200836	0.2310962166062184
video_0027_000648	-47.09062195	15.67019749	37.55345535	-74.59102484	23.0058922327216457	-164.7271963	-0.887956212	0.2934789916262714	0.3541240564669351	0.2424643637569351	-0.355571844	0.9026514810962581	0.3908257900938913	0.8873774537880436	0.2445740303182961
video_0027_000660	-47.04098511	14.72861767	37.5315361	-72.3861686	23.4800240794329476	-167.0896625	-0.894013074	0.3025415742218148	0.3304681833979727	0.2049260957546827	-0.379796549	0.9020864019822822	0.3984293157508776	0.8741985914138637	0.2775444164819469
video_0028_000672	-47.05826569	13.79936504	37.53359985	-73.62783088	24.7050896001280549	-168.2659619	-0.889485978	0.3352956481407962	0.3104698426145774	0.1847548431048762	-0.35753591	0.9154418174086699	0.4179477751879647	0.8716334673755011	0.2560756836686993
video_0028_000684	-47.0087204	12.86641216	37.52469635	-72.3627937	28.5795123643705722	-168.0892735	-0.859247751	0.3835430698463347	0.3385085180901841	0.1812399131796593	-0.390555772	0.9025620659340846	0.4783778810912899	0.8368756792770495	0.2660708558207472
video_0029_000696	-47.09205246	11.92139912	37.51809692	-73.49662359	32.0640886765947002	-166.1051671	-0.822656718	0.4258860086519335	0.3766391277504159	0.2035082234828012	-0.39799026	0.8945323671285382	0.5308675238634804	0.8125422207493203	0.2407380560003351
video_0029_000708	-47.17338943	10.95482731	37.49894714	-69.83871266	34.7845301463622008	-167.7186109	-0.802507516	0.4499651832463725	0.3918073762233724	0.1747018902591945	-0.450691668	0.8754177687547287	0.5704918366960647	0.7709788286183357	0.2830736831382424
video_0030_000720	-47.31420517	9.9827795	37.49532318	-70.57231746	33.8653897760494971	-168.8681171	-0.814726346	0.4514102964277859	0.3639364314859844	0.1603138199259170	-0.427818941	0.8895338291313769	0.5572436280699266	0.7830706853837320	0.2761880530872360
video_0030_000732	-47.40911102	9.00720119	37.49459076	-70.40425968	36.2774539415434987	-167.2071908	-0.786149962	0.4693272405772390	0.4021196070649513	0.1785051352367560	-0.450485162	0.8747565578376516	0.5916959978130863	0.7594702496069373	0.2703715704987357
video_0031_000744	-47.49537659	8.04049015	37.49834061	-72.66244673	32.4360469258388520	-163.6229297	-0.809747325	0.4071923500181026	0.4224969352947485	0.2379695085155872	-0.430268878	0.8707693183665622	0.5363578872950128	0.8056445139628599	0.2515097092717855
video_0031_000756	-47.58993149	7.0597887	37.47160721	-70.48291043	35.1743150654285657	-165.6068955	-0.791747457	0.4428788790968095	0.4207068613970957	0.2031846302923705	-0.458568942	0.8651187960173919	0.5760659430912350	0.7704367746022919	0.2730846124387523
video_0032_000768	-47.67686462	6.11274052	37.48492432	-72.28725142	34.7835914967584898	-165.9422457	-0.796715434	0.4532580022370083	0.3997520480790022	0.1994966983823566	-0.427133376	0.8819059738581496	0.5704783815972168	0.7823773148553506	0.2498802779931870
video_0032_000780	-47.69529724	5.2176466	37.48550415	-72.27676747	33.7005727438602847	-167.2845672	-0.81154528	0.4485512110504939	0.3744276556527819	0.1831193351041278	-0.413285163	0.8919992618734857	0.5548527438550925	0.7924627342260053	0.2532612238372054
video_0033_000792	-47.71141434	4.25433064	37.47971344	-69.17787714	25.8238730120108073	-169.812386	-0.885945663	0.3378645096719184	0.3177229215145501	0.1592090710052981	-0.421878036	0.8925645041862305	0.4356061907976247	0.8413480228346266	0.3199699220411942
video_0033_000804	-47.70186234	3.32596111	37.48669434	-69.43086781	28.7124120211594942	-166.7308454	-0.85362735	0.3571375253425920	0.3791742799524210	0.2013037824083567	-0.445195134	0.8725125100280831	0.4804135029049001	0.8211297589051231	0.3081376076804944
video_0034_000816	-47.77240753	2.39783192	37.5058136	-70.01575873	24.8761167739367615	-167.0067585	-0.883991532	0.3083663533852627	0.3513817919823936	0.2039756964864278	-0.421895532	0.8834014234802003	0.4206576837284201	0.8525927233233012	0.3100528362334361
video_0034_000828	-47.83051682	1.46311843	37.47101593	-69.49747883	34.3051273249083764	-167.3527297	-0.806005014	0.4384046749973577	0.3976899023717140	0.1808617919275442	-0.457333085	0.8707097457113705	0.5635999731447119	0.7737233291018585	0.2893221047117165
video_0035_000840	-47.87834549	0.47786415	37.46834564	-71.2000154	33.0368757974503282	-168.8620586	-0.822530075	0.4441198460077181	0.3552489814449361	0.1619397050487209	-0.415890151	0.8948803910665278	0.5451786939750278	0.7935949500650374	0.2701615199597347
video_0035_000852	-47.86159515	-0.47428811	37.45746231	-72.69482756	40.4296723528777093	-167.1620791	-0.742174404	0.5375870966698558	0.4002215234221230	0.1691345233630236	-0.427598498	0.8880050884954063	0.6485141997851799	0.7267459237457385	0.2264281232443114
video_0036_000864	-47.93432999	-1.42325509	37.43880844	-76.32620258	46.1562523412600285	-166.8607723	-0.674559724	0.6287070348891132	0.3869065045494384	0.1574618911484172	-0.389507377	0.9074633634422630	0.7212315382855143	0.6730612657365748	0.1637485900622997
video_0036_000876	-48.18149567	-2.25794315	37.42815781	-75.97711855	62.8283496161375083	-175.7366721	-0.455394184	0.8427284892337297	0.2870972491863447	0.0339481526028864	-0.305804383	0.9514889395587780	0.8896424337852719	0.4430489505705574	0.1106524622724063
video_0037_000888	-48.58350372	-3.0261488	37.41056824	-80.76314072	77.2751270158220649	-172.0867317	-0.218172184	0.9315237330610489	0.2909715327406662	0.0303253900558876	-0.291538866	0.9560781663913559	0.9754390133880246	0.2174134868776700	0.0353568505991486
video_0037_000900	-49.10267258	-3.62362576	37.41744995	114.0844058024664349	83.3236842858239299	-10.05926809	0.1144729834536204	0.9640937904461435	0.2396228271313374	0.0203067929961524	-0.243428915	0.9697061396412641	0.9932187927226503	-0.106139184	-0.047443687
video_0038_000912	-49.82403946	-4.13672161	37.42148972	112.0581304349363876	76.4860795322182412	-9.046847805	0.2307746267300719	0.9489847177138532	0.2148745615543052	0.0367445611763519	-0.22917779	0.9726907925831246	0.9723131742815962	-0.216576883	-0.087758446
video_0038_000924	-50.59710693	-4.38316631	37.39328003	103.6094271398587097	62.9622199564594780	-3.739602997	0.4536100196910143	0.8792015869769582	0.1457481371857511	0.0296485058730493	-0.17833842	0.9835224319445487	0.8907069754612982	-0.441814415	-0.106963108
video_0039_000936	-51.51498032	-4.46974277	37.38055038	102.8087240722324225	55.4329804095468575	-1.641160188	0.5671371041126093	0.8089916770761310	0.1545573406872431	0.0162493202596803	-0.19860914	0.9799440643237168	0.8234630925122642	-0.553251187	-0.125784177
video_0039_000948	-52.3373909	-4.38412762	37.38729095	103.0374099433301041	46.1782593965069026	-2.603060176	0.6917025188533129	0.7124195451878860	0.1183470195918281	0.0314470477896486	-0.193431301	0.9806097159456367	0.7214975458012995	-0.674568546	-0.15620041
video_0040_000960	-53.17408752	-4.1060915	37.40150833	107.6652401350985855	44.2736088265891041	-8.180095032	0.7087294273624007	0.7015773766672653	0.0741065674501387	0.1018781526626891	-0.205724159	0.9732925626159503	0.6980855540695577	-0.68225124	-0.217278172
video_0040_000972	-54.02832031	-3.79224682	37.3984108	104.2055423653514197	41.1815575575242931	-6.21091072	0.7482092558031617	0.6611159553218939	0.0557548486617889	0.0814257006346478	-0.174902518	0.9812130066001994	0.6584472376786437	-0.729612776	-0.184695513
video_0041_000984	-54.90249252	-3.43925381	37.39321899	103.0748665061295242	41.1999739726603167	-4.287709327	0.7503093442694614	0.6567306477856890	0.0757676986645407	0.0562541847579801	-0.177620819	0.9824898530320088	0.6586891183245295	-0.732909067	-0.170214408
video_0041_000996	-55.80493546	-3.16670132	37.36883163	100.8783180903167960	39.4234170913692594	-0.79629389	0.7723994895612828	0.6261971884325641	0.1061890282685641	0.0107354608363526	-0.180038646	0.9836009535520700	0.6350462805230037	-0.758592886	-0.145784274
video_0042_001008	-56.73755646	-2.96998119	37.35141754	99.8828497429552158	41.2835690048702446	0.6648346010560332	0.7514027863746487	0.6479601816010188	0.1246653748560084	-0.008719333	-0.179164754	0.9837804450545926	0.6597861970795253	-0.740302367	-0.128975115
video_0042_001020	-57.57749176	-2.87026691	37.39616013	99.8973936460231471	44.6040345212165548	-1.370809597	0.7117728392561529	0.6956663906985693	0.0970963343780838	0.0170325154536463	-0.155286401	0.9877226468038147	0.7022031890518275	-0.701380358	-0.122377591
video_0043_001032	-58.40472794	-2.74037075	37.48101425	97.7268630324238075	50.5580042850690603	-0.024991877	0.6352966677177018	0.7653147201434470	0.1033998216562367	0.0002771104172635	-0.134116981	0.9909654678898512	0.7722681316722845	-0.629528406	-0.085416148
video_0043_001044	-59.17838669	-2.68436146	37.48475647	98.2021864620931524	48.6797587600647930	0.4849009825833456	0.6602433851029440	0.7421144570358027	0.1155197173051505	-0.005587852	-0.148952566	0.9888285538252004	0.7510309236928502	-0.653513019	-0.094198121
video_0044_001056	-60.01298523	-2.49226665	37.50060654	100.7145300609034990	51.4702959962048041	-2.039077257	0.6225258446086868	0.7747750829251178	0.1103863382516995	0.0221641887739852	-0.158448779	0.9871183987781921	0.7822853197716501	-0.612060091	-0.115810721
video_0044_001068	-60.87926102	-2.28659153	37.48721695	99.6079335395338319	47.1851262615271239	1.3536719918112659	0.6794420816759945	0.7191190658157646	0.1456922332454741	-0.016055509	-0.183944959	0.9828054094688700	0.7335534597351369	-0.670098516	-0.113434123
video_0045_001080	-61.78030014	-2.00263882	37.49309921	102.2387143801912259	46.0849281939902369	-3.211643792	0.6925019921535531	0.7147674271371709	0.0977165081604424	0.0388580456417041	-0.172211234	0.9842933217698235	0.7203686855716785	-0.677828014	-0.147031088
video_0045_001092	-62.67449188	-1.7482425	37.50865555	100.5081416215054446	40.5577638581930984	-5.924502944	0.7556928187617682	0.6547192841255008	0.0164627660520763	0.0784198992058432	-0.115412928	0.9902172365369667	0.6502143362618507	-0.747009046	-0.138559741
video_0046_001104	-63.5439682	-1.46184075	37.49045944	100.8320377419191374	41.9401366724425202	-7.26151533	0.7378775876362290	0.6749344136530907	0.0004504785210832	0.0940205882338978	-0.103449667	0.9901809407705359	0.6683537945222510	-0.73058997	-0.139790921
video_0046_001116	-64.42317963	-1.17312157	37.47394943	97.0408300940808886	42.1819554073182132	-3.896560579	0.7393031470623271	0.6732128109831862	0.0146754172634479	0.0503560463823810	-0.077006185	0.9957581614568576	0.6714872488264202	-0.735428146	-0.09083125
video_0047_001128	-65.22934723	-0.84163964	37.51724243	101.9713091069725834	43.9849141558381334	-4.018971753	0.7177532975502208	0.6922322523693070	0.0751313026341273	0.0504290296624452	-0.159297253	0.9859418329721624	0.6944689459026148	-0.703874203	-0.14924473
video_0047_001140	-66.06394958	-0.54017746	37.48836136	98.1773576105543384	43.9584041675926329	-0.185263814	0.7198401586679097	0.6875346715326650	0.0955312588079389	0.0023275850210564	-0.140015396	0.9901465907598691	0.6941359580924537	-0.712524922	-0.102389
video_0048_001152	-66.85601807	-0.09206688	37.48210144	97.5224058490150156	40.4749636837826401	-1.486770617	0.7604335879142532	0.6467093176807255	0.0592268249764100	0.0197369536574396	-0.114172725	0.9932648395332250	0.6491157146704891	-0.754142989	-0.099584847
video_0048_001164	-67.69007111	0.29230583	37.43386841	98.6722575032137286	41.3818656259101161	-3.556200831	0.7488755507121492	0.6616106267969941	0.0381678929843393	0.0465405474220426	-0.109955803	0.9928462613960264	0.6610744186483334	-0.741741936	-0.113134933
video_0049_001176	-68.65735626	0.69543731	37.3790741	93.7981812189044177	44.7223905800960466	-2.473314484	0.7098626363634750	0.7043313968554815	0.0035101137735949	0.0306620298889705	-0.035880882	0.9988855801661782	0.7036724219536991	-0.708963924	-0.047066727
video_0049_001188	-69.60302734	0.97591865	37.36907196	90.1107006069197780	44.2548619958522167	2.9928127511108089	0.7152658386570194	0.6967972598185191	0.0535570607826275	-0.037395525	-0.038364678	0.9985638318176945	0.6978512411619908	-0.716241391	-0.001383845
video_0050_001200	-70.48990631	1.21481979	37.4085083	96.5598675790983521	46.7606775363520626	2.7923812267410262	0.6842338320333771	0.7173043591403673	0.1315238360874091	-0.033373416	-0.149363557	0.9882189752572031	0.7284986466787330	-0.680562256	-0.078260702
video_0050_001212	-71.41880798	1.35600173	37.39787292	97.6866112492003538	51.0027032262474265	1.8022598948217841	0.6289724307950888	0.7656047213261520	0.1350669907224661	-0.019791088	-0.157911134	0.9872549754196910	0.7771756520529421	-0.623629284	-0.0841696
video_0051_001224	-72.27228546	1.47650039	37.44895172	110.4793898577302116	60.4700527709995654	-10.34315398	0.4848691779994543	0.8646777937702806	0.1312790660642201	0.0884929695970398	-0.197838255	0.9762320520062938	0.8700981982270916	-0.461727558	-0.172443578
video_0051_001236	-73.18357086	1.45024574	37.43889999	111.5753414210605712	67.0852721386151387	-10.34933639	0.3830261050004768	0.9086753453713502	0.1661328372189608	0.0699484035189401	-0.207863215	0.9756536807181505	0.9210853509492566	-0.362080102	-0.143177427
video_0052_001248	-74.081604	1.3040036	37.41339493	115.5018722636503412	79.4173745170421626	-9.550981214	0.1811075375744210	0.9463586394165580	0.2675918261744395	0.0304726929652145	-0.277360587	0.9602825207957888	0.9829910858279324	-0.165760159	-0.079070189
video_0052_001260	-74.87596893	0.96865356	37.41984558	-148.2913383	86.9612264767366270	-102.3272245	-0.011317721	0.9431724393767560	0.3321109133728544	0.0517895164669427	-0.331133513	0.9421615797564723	0.9985938890086260	0.0278629859345769	-0.045098768
video_0053_001272	-75.56538391	0.40323722	37.42757416	-82.67810555	65.1151044322356967	-163.4126701	-0.403285534	0.8259329433401875	0.3939486657878151	0.1201275392312238	-0.378999832	0.9175666197165480	0.9071549771063574	0.4173654278988807	0.0536278575550864
video_0053_001284	-76.08820343	-0.38721383	37.40855789	-72.5400745	51.8841756763019646	-171.0422709	-0.609724854	0.6946445800767016	0.3817126010285857	0.0961098643890710	-0.413238888	0.9055365896915109	0.7867645749403436	0.5888145112623159	0.1851998243677917
video_0054_001296	-76.41607666	-1.25961792	37.41132355	-71.40769001	35.0238601984229945	-167.8455734	-0.800556091	0.4646425129573998	0.3784405912141591	0.1724199340091985	-0.426215507	0.8880381232003137	0.5739175134826896	0.7761750299085280	0.2610957882929992
video_0054_001308	-76.51935577	-2.23744678	37.39922714	-65.57189096	23.8465780693677161	-171.8598789	-0.905416168	0.3058321549494342	0.2944286946662618	0.1295067229655402	-0.461505074	0.8776337933276273	0.4042889708495896	0.8327543212033781	0.3782468355009478
video_0055_001320	-76.45450592	-3.18304539	37.41134262	-67.15986392	17.3900420243101301	-167.1260271	-0.930303771	0.1820315469524413	0.3184327385505805	0.2126232878569736	-0.439774037	0.8725767208908461	0.2988749412841625	0.8794676300432169	0.3704192991443023
video_0055_001332	-76.29312134	-4.09054279	37.40092087	-66.97539478	22.2956496613565172	-168.6811568	-0.907242789	0.2656058749792687	0.3261350040532527	0.1815953013495483	-0.452048773	0.8733126894400193	0.3793859093589071	0.8515312244337780	0.3618852105215495
video_0056_001344	-76.11564636	-4.98099613	37.4393425	-72.88830858	25.5747222092513482	-165.5520572	-0.873496342	0.3261186066516300	0.3614564910460842	0.2250550000540172	-0.387868479	0.8938166980623564	0.4316878356804075	0.8620932067821941	0.2654070747842992
video_0056_001356	-75.87622833	-5.83098888	37.42914581	-74.79867479	30.1664114144989561	-167.2103055	-0.843118867	0.4148523832180356	0.3421228974686585	0.1913924384467120	-0.36305638	0.9118985684483218	0.5025131951893957	0.8343186230517650	0.2267000747453597
video_0057_001368	-75.73492432	-6.70893574	37.4348793	-77.85454732	36.0815228651705695	-165.0800897	-0.780933414	0.5021729415451888	0.3714368587711602	0.2080809293060285	-0.3515395	0.9127553376983458	0.5889357606166177	0.7900900685475891	0.1700363297927610
video_0057_001380	-75.50699615	-7.588521	37.42938995	-77.07862073	36.5705192318907493	-165.6835161	-0.778182831	0.5073951234995584	0.3701103489091994	0.1985947617135576	-0.360269673	0.9114635942449451	0.5958117171898825	0.7827872965645563	0.1795896600486706
video_0058_001392	-75.28917694	-8.494874	37.44683456	-77.36162823	29.8563398511603069	-164.8076449	-0.836966318	0.4114501405231114	0.3608270571018290	0.2272788005603892	-0.338449898	0.9131243141337093	0.4978270081957036	0.8462626354210839	0.1897572707462786
video_0058_001404	-74.96690369	-9.45199299	37.41840363	-69.84007501	13.7260651011188362	-169.2921327	-0.954525855	0.1548294567427798	0.2547709405708819	0.1804952818347899	-0.380026536	0.9071941828122644	0.2372801004509564	0.9119252553898086	0.3347991674305905
video_0059_001416	-74.55354309	-10.31844425	37.43371964	-68.72558221	-3.56495225	-164.9932514	-0.964026279	-0.14991648	0.2194957444924036	0.2584317672225052	-0.335457572	0.9059145870364650	-0.062180016	0.9300501418932807	0.3621330958974573
video_0059_001428	-73.95571899	-11.12544918	37.41984177	-62.31040614	-24.19636158	-162.4226355	-0.869558087	-0.486312147	0.0858442158117652	0.2754620201475664	-0.333383902	0.9016517340270016	-0.409865111	0.8076853777710551	0.4238571942739258
video_0100_001440	-73.24712372	-11.70682049	37.4142189	-51.1550444	-46.55234898	-148.873949	-0.588686062	-0.808260399	0.0128003066854647	0.3554832993311638	-0.244625206	0.9021031717646683	-0.726002992	0.5356058593559169	0.4313305225008816
video_0100_001452	-72.3735199	-12.02919483	37.34841919	-34.60535026	-55.62688654	-132.7224299	-0.383037617	-0.922699221	-0.043684452	0.4147679802779888	-0.214052328	0.8843919512532101	-0.825378523	0.3206364740155950	0.4646961859657973
video_0101_001464	-71.38851166	-12.0946455	37.31346512	-24.38888374	-60.71517468	-126.16252	-0.288637358	-0.947821426	-0.135362552	0.3949147182919420	-0.246651424	0.8849889493527625	-0.872198854	0.2019842082830772	0.4455014466359207
video_0101_001476	-70.40702057	-11.97317982	37.33606339	-27.81189745	-59.91139054	-131.0665478	-0.329347044	-0.932059247	-0.150983722	0.3779828701976817	-0.276679921	0.8835027849064183	-0.865251105	0.2339097697530376	0.4434261436594568
video_0102_001488	-69.39687347	-11.77544117	37.36140823	-31.43535593	-60.15958325	-133.6375867	-0.343381317	-0.929688976	-0.133295456	0.3601125686987288	-0.261406634	0.8955364367184023	-0.867414669	0.2595091123389769	0.4245548396781860
video_0102_001500	-68.43066406	-11.59295082	37.37258148	-32.13942427	-57.62778145	-135.8882031	-0.384420544	-0.91198683	-0.143181239	0.3726829338621391	-0.295213032	0.8797480870707638	-0.844587637	0.2848320341276787	0.4533678817345569
video_0103_001512	-67.42440796	-11.51468372	37.39875793	-34.42475708	-57.98261548	-137.0699133	-0.388187501	-0.912781796	-0.127042737	0.3611061353064243	-0.277482547	0.8902841092111031	-0.847887271	0.2997212514461721	0.4373263631946450
video_0103_001524	-66.44429016	-11.46140671	37.37662506	-38.80182947	-54.51023367	-140.5044242	-0.44800098	-0.889378797	-0.091106953	0.3692454120726091	-0.27687411	0.8871293891282817	-0.814219225	0.3637940115993099	0.4524389129869950
video_0104_001536	-65.4271698	-11.47072029	37.39421463	-37.22141061	-58.42736957	-139.4782189	-0.398003289	-0.909142355	-0.122692947	0.3401886765551179	-0.270470303	0.9006206079226510	-0.851977139	0.3167112132832034	0.4169280050663129
video_0104_001548	-64.44239044	-11.48782158	37.36180115	-40.47151377	-52.94925893	-142.8135735	-0.480013131	-0.872488289	-0.091386979	0.3641705968446772	-0.292952983	0.8840578747484917	-0.79810223	0.3910789381138017	0.4583558597213288
video_0105_001560	-63.40462494	-11.44961548	37.39831543	-40.99904175	-58.41926493	-141.9467708	-0.412381118	-0.905294544	-0.101899967	0.3228048550303858	-0.2498012	0.9129054639329139	-0.851903069	0.3435711716515291	0.3952467719246939
video_0105_001572	-62.38518143	-11.44476891	37.37993622	-40.12145664	-52.13541391	-143.1647787	-0.491260685	-0.865613045	-0.096834894	0.3679811637326468	-0.307025074	0.8776818710646958	-0.789463617	0.3955371798116049	0.4693586437726494
video_0106_001584	-61.37784576	-11.42812252	37.44909286	-40.14721498	-49.74096532	-141.7725808	-0.507664245	-0.859513355	-0.059277375	0.3998859057159466	-0.296013845	0.8674485957484870	-0.763130576	0.4166684497445075	0.4939829212695462
video_0106_001596	-60.42644882	-11.39756775	37.4466095	-45.98382904	-47.14678204	-149.8515766	-0.588120484	-0.804875318	-0.079309634	0.3415859173696214	-0.336082139	0.8777060198207830	-0.733098464	0.4891058351227749	0.4725908639879890
video_0107_001608	-59.33239746	-11.29800129	37.44246292	-43.54758224	-51.45551862	-145.1803163	-0.511553954	-0.85622965	-0.071995413	0.3557999565562973	-0.287347808	0.8892905196435033	-0.782124634	0.4293041168187672	0.4516403792924329
video_0107_001620	-58.29256058	-11.25879002	37.36614609	-47.55814131	-49.58310376	-149.6743101	-0.559630988	-0.825705386	-0.070878576	0.3273586392708804	-0.298818475	0.8964060688171914	-0.761347147	0.4784538999834466	0.4375298701451283
video_0108_001632	-57.24730301	-11.18676472	37.35624695	-45.8604268	-55.31470398	-145.488812	-0.468921318	-0.880824367	-0.065278107	0.3224155278157503	-0.239513041	0.9157956818012759	-0.82229011	0.4083894432329099	0.3963042240482981
video_0108_001644	-56.26566696	-11.20456123	37.35090256	-43.43299842	-56.96627851	-146.3456736	-0.453766231	-0.882203096	-0.125753347	0.3021021265555285	-0.285054888	0.9096581861808050	-0.838349875	0.3747818130764112	0.3958637138509161
video_0109_001656	-55.2804451	-11.1982317	37.376194	-45.9971924	-58.1702756	-145.5145857	-0.434717413	-0.897074314	-0.07923665	0.2986100901677542	-0.226592345	0.9270857151151563	-0.8496192	0.3793594402960588	0.3663790797428379
video_0109_001668	-54.31260681	-11.31215858	37.36402512	-49.65710112	-53.79035007	-152.9095584	-0.525930597	-0.842312191	-0.11792871	0.2690215788270340	-0.296279926	0.9164309004836153	-0.806860829	0.4502536824947957	0.3824228338911724
video_0110_001680	-53.27318573	-11.28510666	37.34572601	-45.11889609	-54.43672939	-146.7566942	-0.486422632	-0.868904169	-0.091643702	0.3188313971353806	-0.27417767	0.9072888985195238	-0.813473763	0.4121069644098058	0.4104001541479456
video_0110_001692	-52.32160187	-11.29234982	37.35454559	-45.25356551	-61.27541957	-147.7114466	-0.406283929	-0.902568996	-0.142487107	0.2567284467478498	-0.262409908	0.9301782328230149	-0.876940063	0.3413359739102163	0.3383280650465635
video_0111_001704	-51.32764816	-11.21395588	37.36339188	-39.64363224	-64.6725112	-141.9404043	-0.336830225	-0.928770359	-0.154696542	0.2637252804179421	-0.250782397	0.9314274880977607	-0.903877412	0.2729355412159269	0.3294113146494471
video_0111_001716	-50.36290359	-11.1761694	37.3788681	-41.11448576	-65.98006472	-142.41634	-0.322575861	-0.935483347	-0.144276548	0.2482703342956943	-0.230708288	0.9408164150307655	-0.913403884	0.2676650779943140	0.3066736878731815
video_0112_001728	-49.34517288	-11.05246162	37.38936234	-31.2356335	-66.6353456	-133.9896018	-0.275436989	-0.945794242	-0.172068928	0.2853269601669977	-0.251358196	0.9248824700219457	-0.91799945	0.2056509383863245	0.3390939406498371
video_0112_001740	-48.3972435	-10.9627142	37.38426971	-37.73684195	-65.4359428	-137.5316652	-0.306648972	-0.944564053	-0.11732501	0.2806803963521453	-0.207519522	0.9370988010466208	-0.909497071	0.2544295538751855	0.3287562609822370
video_0113_001752	-47.39451981	-10.81206989	37.36841202	-23.96651908	-65.30964233	-127.0193943	-0.251499573	-0.951803214	-0.175552292	0.3335162610181713	-0.255500449	0.9074615275710933	-0.908578488	0.1696766428346882	0.3817001029926135
video_0113_001764	-46.46315765	-10.77003479	37.37391663	-38.02591895	-63.12631605	-142.7453417	-0.359790605	-0.91422956	-0.186373368	0.2736373025669028	-0.294358344	0.9156832377414768	-0.89200524	0.2784555200647519	0.3560746773612615
video_0114_001776	-45.50642014	-10.6362381	37.39928818	-42.75877626	-62.28780907	-145.8420599	-0.384809404	-0.909601084	-0.156676707	0.2611034584354326	-0.270092053	0.9267552356240549	-0.8852947	0.3157152998790692	0.3414339508898656
video_0114_001788	-44.57767105	-10.63004303	37.41743851	-51.58641848	-61.33360831	-153.0335785	-0.427551321	-0.894509402	-0.130586357	0.2175327526394761	-0.242015703	0.9455727898740277	-0.8774277	0.3758740860923655	0.2980592262479715
video_0115_001800	-43.57052994	-10.57643604	37.41083145	-43.54814419	-60.22428936	-144.9125217	-0.406360491	-0.905963774	-0.118746752	0.2854622830429704	-0.249333892	0.9253885104893345	-0.867976057	0.3421436109521727	0.3599379301080089
video_0115_001812	-42.6227951	-10.5655365	37.4409523	-47.64658285	-62.63859589	-148.7517043	-0.392925977	-0.910593602	-0.128173586	0.2384173448458514	-0.235497602	0.9421772917092011	-0.888125186	0.3396471273461273	0.3096344344022032
video_0116_001824	-41.63610077	-10.49103069	37.44143295	-42.07297384	-63.04750948	-144.2855944	-0.368011585	-0.918274996	-0.146077052	0.2645834790053242	-0.254026202	0.9303043972126479	-0.891382665	0.3037132209178376	0.3364449782074097
video_0116_001836	-40.68107224	-10.46860027	37.45202255	-43.37777079	-63.72677348	-145.9027037	-0.366554462	-0.917447674	-0.154685464	0.2481508028022804	-0.256639882	0.9341076756954323	-0.896693373	0.3040160144266242	0.3217378707536812
video_0117_001848	-39.75571442	-10.32485104	37.44481659	-41.10628088	-65.2081663	-141.5099116	-0.328210512	-0.936132834	-0.126226687	0.2609777408679071	-0.218293373	0.9403396311573186	-0.907837253	0.2756869962634103	0.3159560120688963
video_0117_001860	-38.83177948	-10.26822567	37.45346451	-37.24035713	-68.81348529	-137.8058901	-0.267755533	-0.952741551	-0.143493945	0.2427357398589968	-0.210832585	0.9469049485383505	-0.932408888	0.2187079304890676	0.2877160164698455
video_0118_001872	-37.89344025	-10.24226284	37.43338776	-40.13709835	-62.79326253	-140.9724915	-0.355174902	-0.926767646	-0.122280491	0.2878974210472827	-0.232897128	0.9289101154173370	-0.889362617	0.2947213215836709	0.3495332301385354
video_0118_001884	-36.94308853	-10.28961182	37.43690109	-40.45367403	-60.83022307	-141.7484822	-0.382754796	-0.916013596	-0.120074385	0.3017559932350006	-0.246801426	0.9208867338510953	-0.873179298	0.3162406491186743	0.3708770220937024
video_0119_001896	-35.98844528	-10.27885914	37.42244339	-39.46814017	-57.44630688	-141.7624979	-0.422643633	-0.898624739	-0.117668766	0.3330359144987672	-0.274744966	0.9019990482527490	-0.84288756	0.3420362291401562	0.4153935223596631
video_0119_001908	-35.0741806	-10.23704529	37.44979095	-33.60099654	-65.82651862	-135.3003128	-0.291074545	-0.944731143	-0.150859793	0.2880391232404798	-0.236909982	0.9278508091333538	-0.912309746	0.2266202293020743	0.3410779951706541
video_0120_001920	-34.12218094	-10.07873631	37.43270874	-8.7409879	-69.47449637	-110.5720353	-0.123204021	-0.975366449	-0.182978304	0.3282653730224657	-0.21405874	0.9200112504237691	-0.936516211	0.0532836440140793	0.3465519285591062
video_0120_001932	-33.22639465	-9.78939819	37.42300034	49.0789337087489486	-65.0638753	-54.1986092	0.2466309115079908	-0.932063486	-0.265388115	0.3419446968193097	-0.172538398	0.9237447296987989	-0.906778373	-0.318572063	0.2761608638330661
video_0121_001944	-32.48696899	-9.36096191	37.42918396	67.2520655345156371	-57.29012652	-36.22719321	0.4359179876051809	-0.854479858	-0.282559163	0.3193615634987453	-0.146663046	0.9362147951061416	-0.841417673	-0.498351406	0.2089549633086554
video_0121_001956	-31.76127434	-8.95721245	37.45734024	70.6754946965430548	-56.94067476	-30.46519528	0.4701929390437031	-0.849475259	-0.239395874	0.2765802196835753	-0.11576081	0.9539930906730918	-0.838106188	-0.514772979	0.1805181384455667
video_0122_001968	-31.0748558	-8.41286278	37.45360947	71.7056602247090638	-55.65653378	-32.3597916	0.4765418038737205	-0.830204867	-0.289253848	0.3019537255916004	-0.154439148	0.9407297683812220	-0.82567055	-0.535638338	0.1770867422285177
video_0122_001980	-30.45236778	-7.75315475	37.4479866	76.6514361587320110	-48.75747324	-25.17267061	0.5966390138109792	-0.760332251	-0.256742586	0.2804094802147560	-0.102240824	0.9544198956513427	-0.751925801	-0.6414372	0.1522035065892668
video_0123_001992	-29.89206886	-7.041749	37.43828583	76.9600556655216650	-46.61334933	-23.86171683	0.6282034984527368	-0.738752579	-0.244141334	0.2778794496194829	-0.080061007	0.9572738618837269	-0.726734736	-0.669204649	0.1549895555000382
video_0123_002004	-29.35709953	-6.31836796	37.44940567	82.7104254370376566	-37.64753468	-18.39726733	0.7513159774599892	-0.614945455	-0.239512817	0.2498897626237505	-0.070814227	0.9656813407026787	-0.610802266	-0.785383621	0.1004647135184662
video_0124_002016	-28.90681267	-5.60524845	37.44681549	81.8933139851034468	-36.81025915	-18.09576337	0.7610241917589051	-0.607640852	-0.227188851	0.2486787648365206	-0.050203345	0.9672840823849504	-0.599166965	-0.79262363	0.1129014162998285
video_0124_002028	-28.53600502	-5.00189114	37.57666397	91.5097011868501511	-29.30140733	-11.90580474	0.8532976338790890	-0.473274321	-0.218848269	0.1799083052988835	-0.126710046	0.9754883730395940	-0.489403872	-0.871754542	-0.022975401
video_0125_002040	-28.29132652	-4.56544113	37.65706635	91.2790479332358018	-35.09978377	-11.26545112	0.8023882557343570	-0.55942222	-0.207893885	0.1598299033020479	-0.134193111	0.9779808848200023	-0.575002164	-0.817948036	-0.018262577
video_0125_002052	-27.98339462	-4.23884296	37.69400787	73.6158105829611316	-57.66392491	-23.16332571	0.4917659699286455	-0.856224433	-0.158259128	0.2103986696884751	-0.05952024	0.9758021012882007	-0.844925222	-0.513163777	0.1508784532936134
video_0126_002064	-27.45665359	-3.83560276	37.72887802	73.9241962782564173	-56.5897582	-26.48400806	0.4928462301479842	-0.841420447	-0.221617292	0.2455523355175731	-0.109848514	0.9631393225136583	-0.83474945	-0.529098228	0.1524743301837185
video_0126_002076	-26.98747253	-3.2118454	37.72318649	82.7377243516159382	-43.6488085	-18.2351916	0.6872457621930859	-0.689869956	-0.227536163	0.2264227467086595	-0.094191766	0.9694641050538806	-0.690236193	-0.717779461	0.0914693583918997
video_0127_002088	-26.5919075	-2.60202408	37.73876953	94.1401068259414870	-24.22384547	-6.861925244	0.9054171017856415	-0.397674848	-0.148575191	0.1089570696615688	-0.120572332	0.9867069827085416	-0.410302606	-0.909569694	-0.065838765
video_0127_002100	-26.11212158	-1.90905678	37.72737885	92.5739055979153136	-31.74470498	-8.205604013	0.8416946823569569	-0.513814007	-0.165967551	0.1213740921509218	-0.11946556	0.9853914500426449	-0.526135336	-0.849542904	-0.038189818
video_0128_002112	-25.6102829	-1.13059533	37.72997665	92.3838689702018172	-35.18041005	-14.94873208	0.7896806588007519	-0.54544297	-0.280885071	0.2108371429511847	-0.188679373	0.9591390896148835	-0.576152893	-0.816634594	-0.033996814
video_0128_002124	-25.27431107	-0.22653782	37.72503281	88.3519295917014347	-35.84111759	-15.48032132	0.7812354332670656	-0.57174038	-0.250567626	0.2163668301527911	-0.128503264	0.9678183227400102	-0.585539574	-0.81030849	0.0233143502842222
video_0129_002136	-24.93780708	0.68504322	37.71912384	87.8401834723760118	-35.19270703	-14.20783924	0.7922210098217811	-0.567552432	-0.224209965	0.2005780699588087	-0.104819337	0.9740540767810644	-0.5763283	-0.816637706	0.0307984906059785
video_0129_002148	-24.6728344	1.657112	37.71427155	84.0543607594446485	-33.38698632	-16.50352096	0.8005738943745787	-0.554207884	-0.227892652	0.2371943060097139	-0.056165238	0.9698372684311029	-0.550291106	-0.830481238	0.0864905311607581
video_0130_002160	-24.38005447	2.5357151	37.76618576	91.3173827781115364	-33.95797274	-12.72181775	0.8090852170707633	-0.539664847	-0.232686408	0.1826589961679483	-0.145403929	0.9723648433047485	-0.558584642	-0.829228286	-0.01906953
video_0130_002172	-24.19531441	3.55387878	37.74061203	87.4859022975384306	-30.57251264	-15.86615142	0.8281851390490506	-0.500772625	-0.251666751	0.2353858645531184	-0.096726519	0.9670767680611838	-0.508628421	-0.860157403	0.0377673318780352
video_0131_002184	-24.10939598	4.54100323	37.72445297	88.7269527772419337	-28.62725305	-14.78624445	0.8486880469629636	-0.468799312	-0.244858742	0.2240150919779292	-0.100763763	0.9693626269976714	-0.479109421	-0.877538528	0.0195011197921638
video_0131_002196	-24.12859344	5.41793633	37.70202637	84.3164416935298959	-30.05152971	-16.99172257	0.8277903968777678	-0.505504939	-0.243367655	0.2529501602259808	-0.050913841	0.9661387049895358	-0.500778669	-0.861320229	0.0857215669645343
video_0132_002208	-24.09758759	6.16981125	37.59519196	87.9111419989887253	-28.2915387	-15.02361993	0.8504494085125174	-0.466901961	-0.242359985	0.2282530392035236	-0.087572983	0.9696553628684201	-0.473958177	-0.879962233	0.0320953999522492
video_0132_002220	-23.97908974	6.77293301	37.58582306	84.5813367206063589	-39.36727151	-18.44770395	0.7333688373343827	-0.628888055	-0.258205273	0.2446376946392035	-0.110236833	0.9633276903459568	-0.634289009	-0.769641251	0.0730054657779821
video_0133_002232	-23.69545555	7.21383858	37.52410126	83.7517913081644423	-44.41009418	-19.62982737	0.6728333411620538	-0.69176651	-0.262210586	0.2399799289653686	-0.131181507	0.9618737162270807	-0.699789203	-0.710105984	0.0777467863124370
video_0133_002244	-23.24357224	7.70738506	37.4395752	88.6799050203546386	-44.87033705	-16.82629971	0.6783631948516509	-0.681789385	-0.27383683	0.2051497343138759	-0.182117466	0.9616375695989338	-0.705504757	-0.708517087	0.0163271255434992
video_0134_002256	-22.72654343	8.25856686	37.394207	80.1723570275293866	-48.54511606	-25.25974227	0.5987285012595782	-0.740702804	-0.304768006	0.2825031530889976	-0.160761241	0.9456996309681081	-0.749477251	-0.652315245	0.1129985410230280
video_0134_002268	-22.17030144	8.88695908	37.42171097	82.1613415513302812	-44.55451736	-22.46158807	0.6585237091862155	-0.694411434	-0.290067723	0.2722523643682162	-0.139509321	0.9520587164121318	-0.70158761	-0.705924861	0.0971849594484663
video_0135_002280	-21.69687462	9.55750465	37.42682266	84.1514042084721012	-42.98228613	-19.19335924	0.6909001233212932	-0.674024333	-0.261434921	0.2405070936611700	-0.126734894	0.9623380926120987	-0.681772218	-0.72775646	0.0745464793948478
video_0135_002292	-21.12869263	10.19360828	37.47375488	88.8315970925584963	-39.12351501	-15.04855053	0.7491827746021640	-0.614522629	-0.247158064	0.2014234854950790	-0.144103896	0.9688460386073805	-0.630994255	-0.775626202	0.0158191329208456
video_0136_002304	-20.5266037	10.87827682	37.46590042	84.2316569504976371	-39.82505456	-19.3757406	0.7245062868119687	-0.634457763	-0.269358474	0.2547941874256525	-0.116585229	0.9599415640436108	-0.640445597	-0.764114672	0.0771894186641275
video_0136_002316	-19.87639046	11.48622131	37.496418	83.4867324949887291	-41.33766172	-19.63766455	0.7071594047496061	-0.656185256	-0.263337209	0.2523320686128745	-0.113704851	0.9609369042536308	-0.660495347	-0.745983992	0.0851691282120190
video_0137_002328	-19.33366394	12.16423798	37.48415375	80.4682102026647925	-46.22368592	-18.71424698	0.6552672733965150	-0.727561313	-0.203173169	0.2219773548676481	-0.071629151	0.9724172553931409	-0.722046297	-0.682293046	0.1145658969210470
video_0137_002340	-18.80071259	12.85993767	37.51094055	86.4844856864076945	-39.03924851	-15.27520085	0.7492745506603073	-0.622612293	-0.225702415	0.2046297858399216	-0.10647339	0.9730313807628374	-0.629852601	-0.775253087	0.0476272186995718
video_0138_002352	-18.32993507	13.59406471	37.50008392	85.7953977654302093	-37.68270149	-15.47989001	0.7626991563346428	-0.607096279	-0.222989024	0.2112269392167415	-0.092055151	0.9730925080752846	-0.611288129	-0.789278124	0.0580247026663793
video_0138_002364	-17.78299332	14.32733631	37.52008438	87.5071065284553669	-35.66475519	-15.9052711	0.7813388720855983	-0.572109636	-0.249399542	0.2226479489774419	-0.117799686	0.9677557154750157	-0.583041558	-0.811673456	0.0353375633054620
video_0139_002376	-17.31406593	15.09135723	37.51818085	88.1731502047109217	-37.48218055	-14.83820616	0.7670802357208087	-0.596087389	-0.237208213	0.2032186511192825	-0.124939495	0.9711293953154165	-0.60851466	-0.793139298	0.0252974580054762
video_0139_002388	-16.74513626	15.8595686	37.5209465	88.8810501179233796	-34.39429059	-16.53213376	0.7910575178632108	-0.54698613	-0.27392367	0.2348045764603648	-0.1419882	0.9616164317529260	-0.56488478	-0.825012439	0.0161140132569651
video_0140_002400	-16.22178841	16.60650253	37.50653839	84.9315991082623327	-42.89057685	-17.46121318	0.6988943262236708	-0.673208755	-0.241529902	0.2198404890579096	-0.119148457	0.9682323092475572	-0.680600382	-0.729790119	0.0647263615928143
video_0140_002412	-15.80368805	17.44666481	37.49958801	87.5828163808843954	-35.54565176	-14.35855336	0.7882363472843399	-0.573149553	-0.224015737	0.2017770242923182	-0.10318272	0.9739811901338700	-0.581351437	-0.812928605	0.0343160408814745
video_0141_002424	-15.38261509	18.27763557	37.51035309	86.0317029114032010	-40.53873284	-18.22733505	0.7218338518134297	-0.637515007	-0.269314884	0.2377085587333424	-0.137080937	0.9616150257198117	-0.649961946	-0.758144731	0.0525931122715721
video_0141_002436	-14.94837475	19.14429665	37.51967239	84.1268355157049541	-39.57425809	-20.39499795	0.7224799869855458	-0.629666236	-0.285557523	0.2686161033139385	-0.124937944	0.9551104120370093	-0.637077748	-0.766753507	0.0788733266272209
video_0142_002448	-14.6086359	20.04068184	37.51436234	81.2258486389126659	-40.07563345	-26.20204455	0.6865657976878747	-0.638235437	-0.348256992	0.3378626865799248	-0.144069314	0.9301036704279197	-0.643798268	-0.756240411	0.1167228758072187
video_0142_002460	-14.27840424	20.96138954	37.50595856	79.4956967288904792	-41.52910141	-25.0960307	0.6779480698742356	-0.667673851	-0.307567949	0.3175168113177191	-0.111391126	0.9416873640799762	-0.663000369	-0.736073125	0.1364802735635028
video_0143_002472	-13.97584724	21.83222008	37.52159119	79.7845021355763038	-44.53771545	-26.03940886	0.6404353628452056	-0.698048584	-0.32026664	0.3129066687289820	-0.143668312	0.9388550648937436	-0.701378616	-0.701489552	0.1264137895738441
video_0143_002484	-13.67272568	22.75262833	37.51812363	80.1686746633466498	-43.00275084	-23.24194011	0.6719718703763914	-0.684860919	-0.281814348	0.2885899304364932	-0.108296511	0.9513084241156363	-0.682033472	-0.720581284	0.1248717561036758
video_0144_002496	-13.36278534	23.640028	37.5087738	76.0034627298259551	-42.76340124	-29.02044434	0.6419870143574186	-0.693430829	-0.327118263	0.3561587317246980	-0.108108445	0.9281505922308501	-0.678972482	-0.712366653	0.1775672266986603
video_0144_002508	-13.10042858	24.53119087	37.53037262	79.1670198258194233	-42.20196008	-23.61086005	0.6787684386601658	-0.679819975	-0.277701652	0.2966998649912221	-0.092041749	0.9505248584479314	-0.671745932	-0.727580317	0.1392274605630781
video_0145_002520	-12.82386589	25.37438965	37.54330826	79.3489612477872015	-46.18686739	-27.44480772	0.6143928692347949	-0.71454146	-0.334592147	0.3190808420744359	-0.162826207	0.9336353905318252	-0.721601565	-0.68038087	0.1279572299434983
video_0145_002532	-12.49837303	26.22340202	37.55744171	83.0592753873618932	-45.79762559	-21.27260868	0.6496912901895830	-0.706983583	-0.279419828	0.2529463051645481	-0.145574006	0.9564655642259262	-0.716881716	-0.69208556	0.0842507215924242
video_0146_002544	-12.13368607	27.08857346	37.53095627	77.6418258471183833	-47.69187698	-28.21014089	0.5931643517521445	-0.737762725	-0.322276609	0.3181871167752406	-0.152882531	0.9356195223371976	-0.739535672	-0.657520413	0.1440621273310964
video_0146_002556	-11.74660206	27.97698784	37.56063461	79.9349495063340356	-46.2040087	-26.63152239	0.6186670108618004	-0.713639337	-0.328587927	0.3102312031435349	-0.162347123	0.9366963286451975	-0.721808652	-0.681441346	0.1209543806725586
video_0147_002568	-11.46189308	28.86930656	37.5453186	78.9349867435884249	-45.79616474	-27.28386529	0.6196455921124366	-0.713243601	-0.327601749	0.3196019911262406	-0.151930464	0.9352923080011962	-0.716863939	-0.684251927	0.1338110327021552
video_0147_002580	-11.15205193	29.79616928	37.58102798	86.1797447125237568	-42.08362534	-20.28367746	0.6961439287731462	-0.65035349	-0.304013106	0.2572860265876676	-0.169330995	0.9513836843053316	-0.670214541	-0.7405183	0.0494481214079786
video_0148_002592	-10.79131985	30.70024681	37.56417465	82.3887424950873708	-45.22612632	-24.82951686	0.6392050042151338	-0.694212977	-0.330885638	0.2957538753327101	-0.175263705	0.9390486030108692	-0.709891969	-0.698105276	0.0932867407368468
video_0148_002604	-10.52112293	31.68869591	37.56832123	84.9658878508765980	-40.96043434	-20.61782164	0.7067943269020047	-0.642083101	-0.29693614	0.2659174572034450	-0.147817378	0.9525953646893998	-0.655537707	-0.752249503	0.0662646215631895
video_0149_002616	-10.29862595	32.64548111	37.54971313	83.7794837519990097	-39.91733259	-21.16295454	0.7152445635968429	-0.634000362	-0.2940557	0.2768931895110611	-0.129249467	0.9521684393527889	-0.641681678	-0.762455321	0.0831054038741188
video_0149_002628	-10.10491371	33.61892319	37.55657578	87.4217024147686885	-37.88788948	-17.76112983	0.7515972588373668	-0.597977871	-0.278431367	0.2407491487377161	-0.144306267	0.9597997440934216	-0.614118399	-0.788414971	0.0355024689667181
video_0150_002640	-9.88398933	34.54085541	37.56053162	87.8770495077557143	-40.10475412	-18.9146643	0.7235669368951912	-0.620992449	-0.30136235	0.2479392504173008	-0.17363236	0.9530886273244670	-0.644187097	-0.764342974	0.0283337671849053
video_0150_002652	-9.75736427	35.51754379	37.5850563	89.7243616974117231	-37.15924704	-17.73724477	0.7590751901239162	-0.576777869	-0.301881012	0.2427955962011545	-0.179435624	0.9533379018824657	-0.604032412	-0.796950529	0.0038339959367011
video_0151_002664	-9.64049244	36.47299194	37.57863998	89.0418987140944296	-38.90071298	-17.42241357	0.7425324446042910	-0.604086215	-0.289353441	0.2330146004470645	-0.172043453	0.9571338705350525	-0.627972742	-0.778126529	0.0130130618990147
video_0151_002676	-9.54855824	37.46564102	37.59732819	89.8774588023736811	-39.81324779	-15.25857787	0.7410571352666241	-0.618277325	-0.261853913	0.2021545604537483	-0.166444298	0.9651061234301024	-0.640287323	-0.768133742	0.0016428465231375
video_0152_002688	-9.41537666	38.42853165	37.59501266	88.4434366184447640	-39.6695188	-15.66243156	0.7411580572284310	-0.621762085	-0.25317315	0.2078058620576725	-0.146118295	0.9671949997931792	-0.638358409	-0.769455232	0.0209090545916761
video_0152_002700	-9.30518341	39.48206329	37.59472275	86.2852654423859349	-35.88835928	-16.8541324	0.7753611082684584	-0.578633727	-0.252978579	0.2348948762781706	-0.107599727	0.9660469428371778	-0.586207769	-0.8084586	0.0524894539004723
video_0153_002712	-9.16270256	40.46048355	37.60049057	85.9094596688762522	-37.58395585	-16.73223708	0.7589082154015026	-0.603148241	-0.24550055	0.2281488824138415	-0.106836638	0.9677468782301938	-0.60992328	-0.790441733	0.0565283951030866
video_0153_002724	-9.05231571	41.4706192	37.61590195	85.7964020880595655	-37.3666789	-19.00048922	0.7514654270223166	-0.596167811	-0.282636964	0.2587574740416718	-0.127758038	0.9574562409460389	-0.606913735	-0.79262969	0.0582571280909958
video_0154_002736	-9.00791931	42.44834518	37.63931274	88.9555712433280661	-41.80927599	-12.216332	0.7284896803461824	-0.655305999	-0.199691846	0.1577224182529838	-0.123227679	0.9797645522214333	-0.666653152	-0.745244246	0.0135863540347531
video_0154_002748	-8.9463768	43.46194839	37.61802673	83.6767780253442623	-39.41014894	-19.43036048	0.7286176652995581	-0.631705485	-0.264696956	0.2570208325968339	-0.106046258	0.9605698739651582	-0.634867379	-0.767920811	0.0850942926599158
video_0155_002760	-8.81902218	44.39567947	37.67697144	78.6924090621583048	-35.64661981	-21.21174124	0.7575711052341059	-0.603697748	-0.248264072	0.2940210804829458	-0.023975565	0.9554981823800864	-0.582784372	-0.796852685	0.1593366692096599
video_0155_002772	-8.71623325	45.18385315	37.86434174	71.1396531389222844	-39.27082527	-23.24728469	0.7113082957338290	-0.677960136	-0.185500842	0.3055622302666714	0.0605908760826151	0.9502423212896800	-0.632986755	-0.732597297	0.2502578040024994
video_0156_002784	-8.59933376	45.76605988	37.96018219	75.7550630241229754	-35.00763809	-20.95655684	0.7648952659797853	-0.607273455	-0.214835246	0.2929505545351355	0.0309152151358289	0.9556276586990681	-0.573685632	-0.793891177	0.2015479971382935
video_0156_002796	-8.55007553	46.31145096	37.85005569	83.1184409973271840	-34.85672221	-19.80439212	0.7720502128319032	-0.574444711	-0.271940698	0.2780220357860796	-0.079513152	0.9572781238241459	-0.571526217	-0.814672286	0.0983201423492963
video_0157_002808	-8.45912933	47.20417404	37.76213074	88.2248547714644360	-33.04437069	-22.12656314	0.7765149788941217	-0.516555357	-0.360825513	0.3157294766293582	-0.176590519	0.9322717878162543	-0.54528835	-0.837846258	0.0259665696997218
video_0157_002820	-8.4846468	48.19536591	37.76114273	82.2705538326121371	-37.56958635	-20.11438701	0.7442702749798217	-0.613586596	-0.263767411	0.2725761771110170	-0.08148408	0.9586775121765717	-0.609724516	-0.785411888	0.1066029098629413
video_0158_002832	-8.41731453	49.13069534	37.7346077	85.7557342187382403	-35.57886035	-18.22652773	0.7725092823177560	-0.574263835	-0.271017447	0.2543845215342117	-0.111184971	0.9606905939997704	-0.581822932	-0.811085045	0.0601924086528727
video_0158_002844	-8.35264587	50.08796692	37.69419098	82.6546371434262710	-35.45074454	-21.66676342	0.7570593961296144	-0.581803551	-0.297263686	0.3007619337751425	-0.093567298	0.9490982141081522	-0.580002871	-0.807929322	0.1041483591800863
video_0159_002856	-8.2883997	51.07341003	37.71763611	86.5932634987508294	-35.66958429	-17.64929463	0.7741539785981247	-0.572697875	-0.269634495	0.2463093766158378	-0.119853953	0.9617519019239038	-0.583110031	-0.810957566	0.0482754418475493
video_0159_002868	-8.24612522	52.06105042	37.69351959	80.3189549170778037	-39.29372128	-24.18940181	0.7059571961861295	-0.638368925	-0.306772804	0.3171127989797707	-0.1024025	0.9428431474617885	-0.633296068	-0.762888487	0.1301431746449179
video_0200_002880	-8.22315025	53.06087494	37.67726517	84.9332572546983897	-39.00438387	-18.90124485	0.7351953893602826	-0.621724887	-0.270084995	0.2517314891337810	-0.119529394	0.9603874120783426	-0.629379851	-0.774061295	0.0686302720319616
video_0200_002892	-8.2075367	54.02706528	37.66276932	81.0724701931895169	-43.77507317	-20.37309495	0.6768931479269186	-0.694720057	-0.243268799	0.2513725499069903	-0.092452439	0.9634647827756023	-0.691829103	-0.713313808	0.1120531296689938
video_0201_002904	-8.07203293	54.96657181	37.673172	78.0692898655183427	-53.20467676	-20.27775593	0.5618369350784906	-0.806570885	-0.183800615	0.2075818586508873	-0.077616235	0.9751335764654324	-0.800780263	-0.586019733	0.1238218155682243
video_0201_002916	-7.8480773	55.82271957	37.64757538	55.0912422456596147	-66.7236132	-39.58228166	0.3045592496059292	-0.94523362	-0.117375754	0.2517947239414458	-0.038948617	0.9669965988616833	-0.918609319	-0.324062354	0.2261426767057570
video_0202_002928	-7.40726042	56.60548401	37.66411209	32.0831716332377468	-72.11675597	-65.14355153	0.1290792121038514	-0.981268834	-0.143003609	0.2786317424551455	-0.102510364	0.9549115023843077	-0.951684249	-0.163104569	0.2601806880628037
video_0202_002940	-6.94114923	57.30947495	37.65745926	-5.64036661	-71.44436783	-101.806984	-0.065113786	-0.993168281	-0.096834703	0.3114924291689271	-0.112421294	0.9435750734983227	-0.948015117	0.0312764686972473	0.3166845766097848
video_0203_002952	-6.25722456	57.94183731	37.65567398	-11.19860711	-68.60199964	-112.5050426	-0.13964953	-0.975468491	-0.170174121	0.3370598829417709	-0.208424005	0.9181231231846705	-0.93106855	0.0708565932936184	0.3578976098295273
video_0203_002964	-5.56517935	58.42366791	37.63902664	-33.34836798	-59.20628346	-133.289766	-0.351037233	-0.93184204	-0.091887283	0.3726449965232168	-0.229054788	0.8992605910776624	-0.859016046	0.2814326137418300	0.4276530329242983
video_0204_002976	-4.76600933	58.81141281	37.65731812	-40.17651313	-56.54590853	-138.6380228	-0.413754558	-0.908894288	-0.052137685	0.3642860047332324	-0.217774429	0.9054667331559226	-0.834327797	0.3556479592191002	0.4212026316620020
video_0204_002988	-3.96810818	59.04405594	37.67515182	-47.18596314	-47.20518105	-145.143679	-0.557486804	-0.830125338	0.0100193461989107	0.3882766929533450	-0.250049311	0.8869704345635060	-0.733791301	0.4983645912738351	0.4617175120265332
video_0205_003000	-3.16260529	59.06926346	37.69031906	-56.88121238	-36.52200668	-152.8658256	-0.715181752	-0.692776828	0.0926030640308649	0.3665154349756101	-0.258913677	0.8936610899971987	-0.595131496	0.6730705566805072	0.4390837377506875
video_0205_003012	-2.51416278	59.09417725	37.68384552	-59.26038376	-27.51080976	-155.7774993	-0.808838108	-0.571772676	0.1373205058080051	0.3638881228331561	-0.303247982	0.8806963697050162	-0.461915954	0.7623100868947423	0.4533398097156695
video_0206_003024	-2.12087965	59.27334595	37.68692017	-44.50635967	-58.68921647	-141.6960863	-0.407810519	-0.912022697	-0.043648373	0.3221145736789024	-0.188434817	0.9277577923603447	-0.854361037	0.3642896097223747	0.3706215026677278
video_0206_003036	-2.2151804	59.60943222	37.73921967	70.0555167316478702	-64.55469582	-34.22378271	0.3552542938572155	-0.893707862	-0.274008473	0.2416461967359106	-0.195363356	0.9504947526360317	-0.902995848	-0.403880448	0.1465574348942842
video_0207_003048	-2.78888535	59.70110703	37.75489044	96.4354880797538527	-22.32145458	-11.74382124	0.9057035210997472	-0.346695941	-0.243932484	0.1882847091355565	-0.186554668	0.9642334905497529	-0.379802581	-0.919238424	-0.103685675
video_0207_003060	-3.45612311	59.60385513	37.7424736	104.7211083616828091	16.2606323185949506	-6.71235992	0.9534175643440784	0.2986615309177419	-0.042382047	0.1122093388848118	-0.220718153	0.9688614768096179	0.2800071646712615	-0.928485211	-0.243949177
video_0208_003072	-4.25424814	59.47328568	37.69519043	112.3266012480319631	49.4977470048348849	-7.284681948	0.6442356081007160	0.7458692136495784	0.1692323768812006	0.0823534276102727	-0.287631543	0.9541939049449946	0.7603804272967188	-0.600788824	-0.246727369
video_0208_003084	-5.08128023	59.41692734	37.6598053	107.4736811866773394	56.1441263653692388	-8.453352416	0.5510532434073452	0.8276557377043631	0.1064251040652151	0.0818968518661665	-0.18056048	0.9801483655814129	0.8304415864976036	-0.531398055	-0.167280838
video_0209_003096	-6.05412865	59.37627029	37.70258331	108.1693230460177375	57.7716910563641761	-8.911652215	0.5268565766351764	0.8423538294215716	0.1134115237313944	0.0826133157092052	-0.183551884	0.9795324119593475	0.8459297770641450	-0.506703791	-0.16629516
video_0209_003108	-7.00273991	59.33289337	37.67214203	103.0626779781663345	51.1672483085101604	-2.889088196	0.6262522022964498	0.7692496934611003	0.1267402391857067	0.0316049952725040	-0.187482825	0.9817592956095161	0.7789796553137132	-0.610823296	-0.141723665
video_0210_003120	-8.01616859	59.3332901	37.66675568	106.1746505072585904	57.8792112464488113	-6.27235103	0.5285230063972869	0.8389705292683265	0.1295834971282910	0.0580913412531628	-0.188030374	0.9804437641654085	0.8469290571117408	-0.510659407	-0.148115302
video_0210_003132	-8.97973728	59.33716965	37.64752579	106.3334929158383346	57.1396588135470864	-5.910328194	0.5397088765141772	0.8307678618188210	0.1361583210119359	0.0558718161492522	-0.196727781	0.9788649141617478	0.8399956361624679	-0.52069467	-0.152592239
video_0211_003144	-10.01367188	59.27478027	37.66801071	112.6151523353047423	62.2588830163319997	-9.417725258	0.4592034128146811	0.8689169780555719	0.1847038464843729	0.0761665939526315	-0.245668788	0.9663568163610209	0.8850598147159349	-0.429686085	-0.178994393
video_0211_003156	-11.01313114	59.290905	37.66255188	113.9470701697208739	59.7458899079733285	-12.94577256	0.4910297090712515	0.8603101467640895	0.1369535548430678	0.1128737433708390	-0.218717564	0.9692379197397217	0.8637993649377477	-0.460466153	-0.204503249
video_0212_003168	-12.06781578	59.23776627	37.64838028	113.4074471824776822	59.6135307911460046	-9.447572613	0.4989690898855529	0.8461128177240491	0.1874111710167072	0.0830295035022642	-0.261934767	0.9615072954747280	0.8626331484976397	-0.464201764	-0.20094968
video_0212_003180	-13.13160324	59.27838135	37.63502884	108.7887715514977174	64.4576850586332171	-7.296932038	0.4276855686937441	0.8881774702131601	0.1680054634137234	0.0547645084100856	-0.210980098	0.9759550435675907	0.9022670906941638	-0.408201151	-0.138873746
video_0213_003192	-14.1533823	59.20754242	37.65087128	109.4822791972083422	66.3076800284369483	-6.182609369	0.3994879004590216	0.8941844924209424	0.2020977755957368	0.0432755929172116	-0.23860155	0.9701528351138087	0.9157164629100576	-0.378818418	-0.134014796
video_0213_003204	-15.17222786	59.17904663	37.66065979	112.8832212907931023	63.9719066593892052	-11.87998046	0.4294128709941522	0.8901786613298737	0.1522712616927892	0.0903347937645499	-0.210100105	0.9734975967121986	0.8985789955591418	-0.404277005	-0.170633795
video_0214_003216	-16.23495674	59.06068802	37.6595993	107.7572390442255568	62.9665262806423698	-10.29217939	0.4471976333655716	0.8891450830438654	0.0971354621708764	0.0812065289393051	-0.148512578	0.9855706538980611	0.8907411388107447	-0.43285683	-0.138618859
video_0214_003228	-17.2511692	58.96166992	37.66175079	111.0148772020127836	57.4260237140975320	-10.96364165	0.5285614652288215	0.8404918567318171	0.1191478755272799	0.1023939000556023	-0.202455735	0.9739235927356601	0.8426970195192131	-0.502578466	-0.193071539
video_0215_003240	-18.3394146	58.86509323	37.62957001	98.3536856248741600	57.5434703621452002	1.5407235074022028	0.5364655517142435	0.8306381030607130	0.1491477575011875	-0.014429411	-0.167677682	0.9857362665151154	0.8437988527556808	-0.530965664	-0.077967681
video_0215_003252	-19.36699295	58.94124222	37.61948013	95.0065867322921207	57.9868075520227606	2.8470563732303060	0.5294601841000115	0.8393136051954078	0.1233879474935420	-0.02633082	-0.129118396	0.9912795405852799	0.8479260588906552	-0.528091954	-0.046263234
video_0216_003264	-20.37487984	58.9487381	37.58123779	90.7254373158157961	50.4291435954558338	7.3602216317610454	0.6317830584095870	0.7628027024648676	0.1377759203160097	-0.08160831	-0.111298423	0.9904305855583641	0.7708373698795168	-0.636980925	-0.008065418
video_0216_003276	-21.33377075	58.91799164	37.64498138	102.6373191060748553	57.6688000529228759	-5.76330567	0.5321091934212813	0.8423027790985034	0.0859408785124488	0.0537054047288352	-0.134877322	0.9894058002043156	0.8449707307235355	-0.521856433	-0.117005675
video_0217_003288	-22.26110077	58.81311035	37.67243958	103.5421185603713070	55.1650711025654275	-6.153394895	0.5679229946634813	0.8184834578408722	0.0868809609368630	0.0612288144357220	-0.147274837	0.9871986398735866	0.8208011357297573	-0.55533319	-0.133755538
video_0217_003300	-23.25400543	58.71926117	37.68667984	112.0517027424584882	54.3823020160571318	-11.73036583	0.5702113324217467	0.8140462706270408	0.1103979422635371	0.1184002878987699	-0.214420561	0.9695386505547569	0.8129209114073181	-0.539770778	-0.218648346
video_0218_003312	-24.2867794	58.69005585	37.63889313	100.8110342122634364	49.5144640829932285	-3.41861209	0.6481007216393874	0.7569261912930410	0.0838343339277923	0.0387155553551509	-0.142688402	0.9890101747350852	0.7605698918469284	-0.637732515	-0.121781274
video_0218_003324	-25.25918579	58.70305634	37.68445206	109.7479842642062522	51.7307434713001655	-8.55354263	0.6124689224951188	0.7809706086823658	0.1223385767121858	0.0921193086917880	-0.224220996	0.9701747152016464	0.7851088153522510	-0.582932117	-0.209270864
video_0219_003336	-26.23274612	58.71572495	37.66679001	106.6060104436403435	50.3407464126610904	-6.206310814	0.6344799201060199	0.7643174655594868	0.1151262038937355	0.0689972866581384	-0.204357134	0.9764617433567204	0.7698536259679978	-0.611601973	-0.182396329
video_0219_003348	-27.27721024	58.78390884	37.66145706	111.2027022496194064	57.1837665307215488	-11.54280282	0.5309857467288935	0.8400462796537048	0.1112492013936691	0.1084434263583206	-0.197571116	0.9742718703084036	0.8404130889333099	-0.505260232	-0.196004944
video_0220_003360	-28.29021454	58.80317307	37.60831833	101.3851323364863077	51.5736744789546506	-2.21017043	0.6210454479851423	0.7750339756149273	0.1167256963117140	0.0239685632147488	-0.167638343	0.9855571489707317	0.7834079776938416	-0.609278034	-0.122687481
video_0220_003372	-29.30877113	58.75531769	37.63584518	109.9169013454301052	59.2766765245499769	-8.680493053	0.5050407862631450	0.8503824665780821	0.1475922245488621	0.0771061367035203	-0.214773716	0.9736153729543146	0.8596443729201990	-0.480335207	-0.174039193
video_0221_003384	-30.2523098	58.73852539	37.63090897	106.2008624278820719	53.9323916529742320	-9.787203342	0.5801708938556672	0.8123546772678221	0.0590051882787377	0.1000794758250195	-0.142995034	0.9846504551663973	0.8083228516139487	-0.565360326	-0.164261587
video_0221_003396	-31.28598404	58.59511566	37.63064194	108.4308944005238828	55.7640649702921820	-8.026667947	0.5570902913339593	0.8207843524883727	0.1263465631178298	0.0785583674184794	-0.203545328	0.9759087470306110	0.8267278815970753	-0.533743708	-0.177872605
video_0222_003408	-32.20729828	58.52265549	37.61595535	108.1607832553630715	55.6793520006442932	-12.0507491	0.5513987694321986	0.8325330180789920	0.0533682572035325	0.1177139840053366	-0.14097675	0.9829898137501625	0.8258951598346178	-0.535737183	-0.175735185
video_0222_003420	-33.25501633	58.46319199	37.62105942	107.5400669863176262	58.0696231623383596	-6.133309974	0.5258610063792091	0.8367999601586606	0.1524336860681063	0.0565075595841697	-0.213187456	0.9753758271872646	0.8486914030904800	-0.504298458	-0.159392494
video_0223_003432	-34.22864532	58.49670029	37.61981964	107.1020530760779650	55.1451487867402719	-5.263902082	0.5690892338537088	0.8079891094983840	0.1526140322637713	0.0524312057295340	-0.220878551	0.9738909766637240	0.8206024692733662	-0.546229132	-0.168063449
video_0223_003444	-35.23177338	58.52981949	37.63087082	106.6649339043877944	59.3532789750626790	-6.206157469	0.5067557010595294	0.8503631482703694	0.1417080643695721	0.0551063896050520	-0.195993385	0.9790556056093082	0.8603266503301877	-0.48833299	-0.146181208
video_0224_003456	-36.15333176	58.64113235	37.61897659	105.8688152687769417	53.5086960313078279	-6.428479144	0.5909615286223246	0.7990613127487466	0.1107496733928173	0.0665844088691839	-0.185134577	0.9804548459515885	0.8039471302168490	-0.572036893	-0.162612438
video_0224_003468	-37.20100021	58.7001915	37.59410095	101.1899671481490657	54.8169195621641592	-0.749974236	0.5761416261734996	0.8042486594042036	0.1457563735714391	0.0075418479121984	-0.183551373	0.9829811870110405	0.8173150843586732	-0.565237107	-0.111817108
video_0225_003480	-38.13796997	58.84376144	37.59721375	101.2761679453818005	51.4433913155682916	-0.996881852	0.6231932170970335	0.7701830963199785	0.1358241963245902	0.0108439523817697	-0.182166175	0.9832079604163609	0.7819927255806105	-0.611255661	-0.121876553
video_0225_003492	-39.16033554	58.84250259	37.63121796	103.3133510803157122	57.5400241635485230	-4.074493842	0.5353537946002035	0.8353771829170622	0.1246646576569186	0.0381350987089570	-0.171353197	0.9844713282559865	0.8437665724912438	-0.522286362	-0.123591776
video_0226_003504	-40.09993744	58.90535736	37.6319809	102.7500669741692292	56.1304066490898066	-0.287396549	0.5572975351497214	0.8109313097373593	0.1783532119242510	0.0027954368173354	-0.216633673	0.9762489627393102	0.8303081613768745	-0.543562565	-0.122996319
video_0226_003516	-41.11410904	58.86420059	37.62588501	97.9182202375597086	56.1283221936386312	4.4525254872987308	0.5556527175314558	0.8091950698701591	0.1909277255867695	-0.043267589	-0.201186977	0.9785968098025849	0.8302878857476487	-0.552020959	-0.07677817
video_0227_003528	-41.98653793	58.80626678	37.65809631	107.2762716102829046	63.1396406238198651	-4.281200494	0.4505568874937380	0.8716547783131057	0.1929156255358443	0.0337288767234092	-0.232557991	0.9719975019707201	0.8921103373501129	-0.431433342	-0.134180541
video_0227_003540	-42.74446869	58.69818497	37.66864395	126.5511983921165040	61.1344719428322634	-20.06867952	0.4534436070188497	0.8651575419324795	0.2142226012611314	0.1656557848167165	-0.317971884	0.9335159571104673	0.8757551348467753	-0.38780963	-0.287500669
video_0228_003552	-43.38797379	58.81247711	37.68013	131.9900020494070816	58.8395174966200187	-28.83845613	0.4532660270227497	0.8798340561711654	0.1429753207669319	0.2495814254325775	-0.279252223	0.9272148121482682	0.8557213453140311	-0.38459099	-0.346165784
